84.996521
-46.785709
16.105530
-97.835045
35.498543
18.905096
106.163139
-166.393478
104.679779
-53.469357
59.689423
-52.683331
-29.323681
32.306679
-169.904449
-21.404766
-118.284607
-23.857208
32.404594
72.977478
62.474403
40.875717
-169.962326
-72.742325
47.247948
-108.283821
98.595016
-82.971237
-76.738403
-95.936188
-24.361034
-58.622375
16.499321
66.389717
-128.118896
-20.029291
33.498627
-81.088501
-78.704918
-24.724249
-28.109524
-118.551079
32.585373
-43.895836
20.555756
1.644140
33.430798
-88.968719
148.843369
18.434402
-18.470890
-4.188808
-35.349274
141.395554
35.591560
60.784992
10.241146
-4.857588
-89.856964
-35.617897
-57.041649
-83.493996
-19.344671
-100.688217
