3.889008
-0.528732
7.516617
0.548706
-1.060638
8.505981
7.983963
-3.400787
-8.485107
1.482132
4.395172
5.514801
-2.828369
4.037109
5.067535
-1.445816
2.828369
-5.440659
-13.494324
2.218628
4.949646
-4.792404
2.528351
-9.460449
1.414185
7.506271
7.251434
0.847275
-10.606384
5.449585
-8.361206
-0.484314
-1.767731
-3.919769
-15.691910
-2.244034
6.717377
1.404144
-0.005417
-0.357361
0.353546
-1.646957
2.514664
1.552292
2.474823
3.558304
6.994522
6.907379
-6.010284
-10.006485
-4.222946
7.682938
-14.495392
2.874420
3.662643
4.250595
-8.485107
2.358414
-11.693085
-9.691589
1.414185
6.340820
-0.513824
1.138809
