Y:
0001100101000001 0001110001101010 0000101101100101 0001000010100100 0000111110011011 0000100111101011 0000111110011101 0000101101111010 
0001110100001101 0000110110000010 0001100101011101 0001011010011010 0000011111000001 0000111010111100 0001100110100010 0001011111100001 
0000111001011010 0001010110100010 0001010000100100 0000101000001010 0000001100100110 0000111011111111 0000011100000111 0000010111001000 
0000111000110111 0000111111011010 0001001001101001 0000011101111111 0000110100111110 0001010000010111 0001100111101000 0001001100011011 
0000101010111101 0000111010111011 0001101000000101 0001000001111001 0000101101111010 0001001001101000 0000111100100101 0001100110011010 
0000010100111010 0000110010101000 0000011100000011 0001001011011111 0001000101001000 0001001000100011 0001011110000100 0001001100000100 
0001001001111111 0001010100000000 0001011000011110 0001110001111101 0001000100111001 0000111010100101 0000001011011111 0000101000011010 
0000101100011010 0000101111111011 0001011101011100 0000001000011110 0000110101111111 0000100000100010 0000110111101000 0001000011000011 
Cb:
0000111100000010 0000111000010011 0000110001100100 0000110010111111 0000111110000100 0001000100111111 0001001001000100 0001001011000011 
0000111111111000 0000111010101000 0000110011000011 0000110011101001 0000111100111001 0001000011001001 0001000110011110 0001000111111001 
0001000011011100 0000111110110111 0000110101100010 0000110011110010 0000111010110111 0000111110111000 0001000001000100 0001000001111010 
0001000111101100 0001000010000010 0000110111011101 0000110011111000 0000111000111110 0000111011100100 0000111011011011 0000111100000110 
0001001010011110 0001000100100100 0000111000010101 0000110011111100 0000110111000001 0000111000000010 0000110110010111 0000110101100111 
0001000101111111 0001000000011111 0000110110000110 0000110011000010 0000111000000010 0000111010100111 0000111010100111 0000111010100110 
0000111010101010 0000110110011010 0000101111101010 0000110001000101 0000111010111111 0001000011000100 0001001000011110 0001001011000011 
0000110100011111 0000110001101010 0000101100100100 0000111011001110 0000111100101000 0001000111000010 0001001111011101 0001010011011101 
Cr:
0001001011000011 0001001001100001 0001000111000101 0001000100111101 0001000011101000 0001000011011100 0001000100101011 0001000101000100 
0001001000000011 0001001011000010 0001001001101011 0001000111111011 0001000110011010 0001000101011001 0001000100101000 0001000011111011 
0001001101101000 0001001101111001 0001001110111100 0001001110100001 0001001100011010 0001001000111011 0001000100100011 0001000010000011 
0001001011100001 0001001011011111 0001001100000001 0001001011011011 0001001000111100 0001000101011101 0001000000111111 0000111110111111 
0001000110000110 0001000100101100 0001000001000001 0000111110101010 0000111100100000 0000111010111011 0000111010111101 0000111011000101 
0001000011111111 0001000010000011 0000111110100010 0000111100011100 0000111010111011 0000111010111110 0000111100011001 0000111101000110 
0001000100101010 0001000100101000 0001000101000001 0001000101000010 0001000101000100 0001000100111100 0001000101000000 0001000101000100 
0001000100101101 0001000101011010 0001000111111001 0001000111110111 0001001010000000 0001001001111110 0001001001100010 0001001000111001 
