 Sample Size |         Mean |      Std Dev |          Max
-------------------------------------------------------
         128 | 6.097080e-05 | 1.446238e-05 | 1.220700e-04
        1024 | 6.535742e-05 | 4.626275e-05 | 4.882810e-04
        2048 | 5.048532e-02 | 4.075307e-02 | 3.195800e-01
        4096 | 1.005597e-01 | 8.124542e-02 | 5.991210e-01
        8192 | 2.006942e-01 | 1.623683e-01 | 1.146480e+00
       16384 | 2.083978e+01 | 1.037192e+03 | 6.535090e+04
       32768 | 1.205609e+04 | 1.531055e+04 | 6.552970e+04
       65536 | 2.471677e+04 | 1.612978e+04 | 6.553140e+04
      131072 | 2.824509e+04 | 1.549748e+04 | 6.553230e+04
