-141.619186
89.922150
-69.207436
-9.737919
-55.872704
23.084375
189.260788
-39.572346
2.355858
-38.828407
-23.246510
-83.106140
109.028481
-41.164364
-124.160378
33.290504
-28.118826
1.964405
-53.611404
65.883438
-6.041275
-37.923710
18.757713
31.618282
-29.800411
-41.798233
-6.409069
-37.403908
-58.423157
58.897289
-50.849121
-12.463577
36.123520
64.108612
94.732910
-57.538494
11.874512
57.776524
-91.058472
21.151812
59.017632
-46.664490
-92.601913
-100.087631
68.252037
-39.794842
-70.621269
-1.103868
6.912389
25.980356
25.257339
-49.501472
107.895874
-68.672691
-48.132835
-7.024695
61.253082
-5.703957
-183.713104
-41.525173
8.469407
107.013206
-87.894081
111.525307
