001001001001011111001101100101100010100111101110011001011101100001011001000010001101101010100001000111011000101100011110001101110110001111100110110011110001110001110010001110001100000111101000001110010001010100010000101110111001101111100100001101011001001101101111011001000


ACY
100100
100101
1111001101
100101
100010
100111
10111001
100101
1101100
001
0110
0100
001
000
1101101
0101
000
0100
0111
0110
001
0110
001
111000
1101110
11000
1111100110
11001
111000
111000
111001
000
111000
11000
001
1110100
000
111001
000

AC CB
10000
10111
011
10011
011
11100100

AC CR
10010
011
011
011
110110
010

DC Y
00

DC CB
1000

DC CR
110101